UV RNA absorbance (OD260) --> Concentration of RNA
Using data from 96well.txt
Dilution Factor: 100

5000	2065	2160	1725	3930	5005	4935	4375	3275	2280	3415	3750
4920	625	3390	1215	3285	1710	3715	2185	3350	2715	1735	3600
4930	3670	3820	3250	2285	4825	4180	1170	3285	1725	3260	1710
2720	2225	2660	3825	4380	1780	2280	1165	3845	1865	2835	2280
1725	6725	8825	3270	4940	4995	6620	7845	8045	4380	2175	1665
8295	3285	3295	2175	3285	8395	7930	3045	3395	1620	15	2165
2275	2730	8370	1155	2730	2475	2505	3500	1740	1520	700	75
2500	3285	8250	5450	4540	1875	6735	9295	2390	1525	9150	1250
